99
-642028801 -860555030 43319797 
-881984361 -952996516 234131456 
-319046109 -96510598 746310168 
882930339 -625425254 999680902 
-737516804 429407577 168185267 
-641747436 479453727 722542380 
582806426 241806082 509168698 
424908578 794264327 637489299 
577404034 -863823270 307671326 
120537321 -965714358 523830321 
481616834 -73337133 268576002 
389917680 -344470083 13669200 
-884172250 716534277 682628695 
715046306 594275646 125664478 
523078715 -778581156 891406843 
130307770 -187022353 533595198 
-719898060 -890259842 725585283 
-265656213 -488629975 721055918 
347553894 -218690618 436487264 
-899126390 -474672551 159576700 
-178205767 731067713 576974099 
-878790450 -526661975 863444385 
781532618 212020116 794918426 
336684810 -878822014 245763756 
999372902 -413207047 321305884 
268917642 -332451314 366097240 
-906666664 -904671268 321989482 
-916836073 295122005 886270880 
-812015327 -513150316 188361574 
270755320 593933898 127392664 
-707574260 235801738 433986917 
-964569571 -741311411 129394862 
194144777 -274835755 391741972 
-726999008 250064155 188921487 
371698692 -721440905 237198225 
301333082 504635265 222734674 
-706680733 -506357154 368239442 
864330411 -390179274 472898614 
904957110 -88359521 752280001 
901576009 -241627047 783508200 
-540521225 -489332582 264804657 
-298503608 -675400184 977315455 
-286708381 -105657102 856561401 
-266930413 -391626513 532268717 
791185917 496886268 325371487 
-724564963 179212353 469842794 
166290006 667215584 884902331 
-966903821 -971662423 947434281 
921015751 313030146 270059906 
-881083781 -981524265 686196837 
-661062354 -915863751 777182055 
804775794 409238972 379155505 
-942513191 535234070 522176597 
126858046 -586939422 888257999 
-882568719 -764358129 294467927 
-966640263 90765597 122168628 
-508277713 364718736 825242748 
-668496420 735412088 425014414 
-896271039 660958844 140570133 
-923736330 400305826 497274151 
660045605 -510440800 732189599 
-639317349 -662836602 333709009 
-408595111 9718724 434046360 
-799334391 44413709 760168154 
712199822 -139650757 265059224 
-142922384 858473516 988052910 
-994805237 878911347 821422574 
970932426 504173833 627782808 
360083461 66368205 928350960 
-857239869 -640796039 209970206 
-969615803 -606841264 542742398 
33734256 -238850108 382334295 
95811933 -264317942 936809188 
-972874425 911165445 786008805 
818411810 11059540 858957505 
-606961780 -918030367 128924815 
43227832 329470700 632157039 
715116920 -244361110 340926784 
793753568 865770158 65541724 
-854369269 531924038 866081178 
-11383311 463324670 997186188 
-349960567 -554364634 575105345 
937989787 392660180 856723419 
452310863 -630354122 967672899 
21485649 54436303 431518593 
974043475 589500620 979187451 
683705684 67237962 292749920 
-109510799 -571462321 126972344 
498994925 -670698507 625522960 
-274284861 -861901813 537253832 
-856723773 89078677 401302437 
-817780343 -607949933 886139458 
-983313682 100443313 631118484 
-792658991 -826138034 275721658 
224143516 -388766213 453841894 
-240991815 11757020 517131645 
-151831452 268346011 134105935 
-50500820 179720296 474642896 
554974002 -378109610 868109481 
